77846401
73372034
77607987
78775302
66855568
76423251
77377282
79203687
77941118
73224828
79170406
62579029
79102536
76302135
77851237
79265251
77672200
76549607
78007889
65235429
77601728
73205883
45358945
72104933
79185892
76160005
79168785
79249752
79060079
77255862
76515344
74125530
73133224
75709067
78400958
72252266
79242110
77131109
79233460
79200122
77483834
76700605
77495882
74876860
57217036
77213595
76148045
79224969
49011401
79283580
73226287
60637465
64099529
78446413
77797037
60393234
75099640
74692663
72203557
75798434
74151556
77772659
73438853
79059972
78171131
78492610
67994291
63485645
71997694
78619369
74928026
76596270
78375852
56525842
68210282
73891369
77892070
58413027
78296652
79275542
78075801
79300751
78031962
72722834
74023321
74197117
77728079
77045838
78416285
77403509
78127035
71667338
76304928
74227959
78323842
78473341
76596248
78331439
78127058
79327746
79185700
77583312
78429038
76995599
77413464
77039943
76533140
78142018
76377786
75452837
74187526
76744557
74542361
74284187
77868915
75682964
74266225
79214726
79348238
78351666
79293788
59131128
78131459
79252210
79290432
74952352
77694656
79324035
79224961
77754571
76072125
73923160
78937174
74079941
77529733
59612101
76292514
77359585
47084007
76725856
75957820
78036227
71813565
66647227
79249919
75350995
73519681
77041874
77764899
77461979
79288120
78394908
73189591
76614929
67379728
73755395
78331326
79008987
77544430
79289086
78875368
18788170
74432253
75797604
79288961
77695696
4161525
79306175
74479636
79357450
73455989
79373991
73581193
79270024
76297367
75346206
76172907
75961052
79318792
74390940
78571976
74827045
76116278
79363182
79363218
78279356
76733813
78791800
67207517
77735578
79363218
79324046
75726046
79373991
76626162
75346206
78265311
78331290
76159879
75242413
75034937
79311204
66630809
78156789
79342227
79324046
75961628
79297053
78714822
77899254
76462120
79301576
79373991
76692707
70560913
79399623
79306379
79337705
74513937
73958722
78298891
79324046
61327260
78408654
79306379
78026045
78577366
75210080
79324247
77898133
77912297
77380128
79351352
79342227
78438111
78280059
